534

355, 1¹· 357, 3²· 359, 14·
360, 16. 362, 4, 365, 17 et
34. 369, 21 et 30. 372, 1.
374, 12, 378, 25. 381, 3 et
23. 382, 32. 384, 35. 386,
3ο- 389, 22· 399, 34· 393,
30. 401, 32. 403, 28. 406,
10. 407, 11. 410, 26. 413,
1. 414, 25. 416, 30. 419,
24. 423, 12. 426, 33. 429,
27. 434, 26. 440, 1. 441, 4.
442, 24. 443, 14. 446, 16 et
27. 447, 12. 448, 7 et 23.
449, 33, 455, 1· 458, 23·
462, 4 et 26. 464, 18 et 35.
468, 16. 469, 35. 472, 9 et
28· 473,19, 474, 14· 475,
13. 481, 23. 484,15. 485,10.
488, 29. 489, 32. 492, 23.
499, 27. 502, 4. 503, 12.
505, 34. 508, 30. 510, 11.
511, 29. 512, 25. 513, 4 et
32. 515, 11. 517, 5. 518, 9.
520, 29. 521, 19 et 24. 522,
11 et 20. 523, 10. 525, 28.
526, 7. 527,11 528,10 et
ἐκίξνέε εἶςτην ἔοονξδ 348,14.

εκτ εἷςτουςΑευῒ τιοὺ,κς481, 10.

ἐκτῶν νεπρι αἱέρσεως

Theodorus 6, 30. 11, 28. 12,
12. 14, 3. 17, 30. 18, 14.

INDEX AUCTORUM.

24, 10. 25, 31. 28, 27. 29,
10. 48,31. 5'0,7et 34. 52,
20. 56, 3ο. 60, 3. 61, 10.
64, 9. 67, 6. 71, 5 et 29.
78, 21. 81, ιο. 83, 12. 87,
¹4· 88, 5. 89, 16. 94, 6.
97, 13, 100, 26. 106, 6.
107, 12. 114, 22. 116, 6.
117, 20. 119, 14. 120, 20.
124, 27. 126, 7. 129, 15.
130, 15 et 27. 132,21. 133,
29. 135, 30. 139, 22. 140,
33. 141,9. 142,30. 143, 2.v
144, 30., 146, 27. 148, 5.
154, 14. 219, 4. 220, 12.
358, 16. 359, 23. 441, 10.
481, 19. 509, 8. 516, 1.
518, 17. 526, 12.

Theodorus Monachus, 169, 26.-

175‚ 7. 183, 8. 188, 14.

199, 19. 202, 22. 212, 14.

226, 29. 239, 32. 248, 4.
260, 5. 263, 7. 265, 10.
291, 3. 321, 5. 328, 24.
365, 7- 367, ¹· 379, 6· 387,
1¹· 392›35· 394, 24· 395· 27·
397, 27. 404, 10. 411, 16.
414, 25. 416, 4. 417, 11.
420, 21. 431, 24. 462, 29.
469, 21· 477, Ι9- 478, 8·
479, 13. 480, 8.

