INDEX.AUCTORUMI

E QUIBUS CATENA IN EP. AD ROM. CONTEXTA EST.

AcAcws 46, 31. 53, 1. 329,5.
458›35·

Anonymus 38, 16. 53, 11. 62, 1.
77,19. 178, ¹3·

Apollinaris 5, 18. 6, 3 et 20. 7,
1, 9, 17 et 30. 8 passim. 9, 5
et passim. 10, 19. 11, 13, 20
et 24. 12, 8. 15, 29. 21, 8
et 14. 26, 31. 30, 2. 31, 2
et 17. 35, 20 et 27. 37, 22.
84, 13. 91, ιο. 95, 16. 138,
’4. 152, 27.

Apostolus 379, 12. 442, 6. 444,
85 497‚32-

Basssius 174, 14. 217, 20. 228,

16. 229, 19. 234, 19. 242,
12. 266,23. 267, 5. 286, 23.
4¹4229· 443‚32. 469‚13.

ἐκ τῶν ἀσκητικῶν 432, 1. 434, 29.
446‚3· 447‚7· 452›5· 455»
6. 486‚13. 526, 15.

ἐκ τῶν ἀντιρρητικᾶἱν 317, 26. 427,
ν 23:³1 4906, 35. „u u n
ΕΚ 'YOU ῦτι Ουκ cern« αΓΠΟς 'nov Kakwv
ὂΘῶς349,9-356,4·

ε’κ, τοῦ εἷς λβ’ ψαλμὸν 303,13. εἷς
τὸν λ”γ’ 303, 28. εἷς τὸν [ιδ’ 303,
ἐκ Ξέῦπερὶ εὐχαριστίας λόγου 450, Ι.
Caesarius 176, 12.

chrysostomus 37,1. 163‚5. 166,
11. 168, 30. 170, 23. 173‚8.
177, 10. 179, 9. 182, 16.
184, 14. 185, 25. 186, 9.

188, 34. 192, 8. 193, 13.

195, 14. 197,16 et 33. 200,
21. 206, 8. 210, 4et 27.215,

12. 219,16. 221, 19. 224,
14. 225,8. 227, 33. 231, 12.
232, 10. 235, 1. 236, 32.
237, 27. 240, 4. 241, 12.
242, 30. 243, 30. 244, 20.
246, 5. 248, 16. 251, 5 et 9.
253, 12 et 33. 255, 23. 257,
15. 261, 3. 262, 8. 263, 15.
266, 28. 274, 20. 278, 18.
279, 19. 282, 33. 284, 9.
287, 16. 290, 11. 311, 23.
317, 21. 318, 17. 322, 10.

333234· 346‚33- 351212.

357,19. 358232· 359¹29·
361, 17 et 28. 363, 8. 366,

9. 367, 28. 368, 21. 370, 6.
371, 24. 372, 22. 376, 20.
377, 27. 379, 18 et 28. 381,
14. 382, 6. 383, 16. 386, 5.
388, 5. 390, 25. 391, 13.
39324· 39424· 395›6· 397,
19· 398‚3. 399‚17. 403,10.
405, 4. 406, 24. 408, 29,
418, 30. 422, 10. 424, 24.
425‚26· 430›3- 43327· 436,
28. 437, 8. 438, 18. 439, 21.
440, 17. 442, 20. 443, 6 et
mfflm-Mffis·m684w.
18. 448, 15 et 28. 449, 14.
451‚5 εἰπε· 452228· 454»
¹7· 457‚10· 459‚14· 461.
15. 462, 8 et17. 463, 5 et
28. 464, 29. 465, 8 et 21.
3 v 2

