INDEX AUCTORUM.

420, 11. 423, 31. 429, 18.
437» 5· 442, 29· 452, 21·
458, 3· 464, 9· 475, 18· 477,
34. 478, 28. 482, 12. 488,
32· 490, 4· 497, 26· 4999-
510, 17. 513, 10. 525, 20.
526, 4.

Gregorius Nazianz. ὅ Θεόλογος 2 1 8,
30. 246, 28. 286, 12. 375, 25.
4²92 5· 440, 7·

εἰ( τοῦ ἧττημενοῦ 309, 27.

ἐκ τοῦ περὶ Τἱοῧ β λόγου 362, 32.

ἐκ τῶν περὶ φιλοπτωχίας 304, 11.

Grgggfige Nyssenus, 230, 3 2 . 2 5 2,
30. 268,5. 269, 31. 280, 19.
348‚9·

τοῦ κατὰ. Εὐνομίαν β. λόγου 317, 30.
ἑβδόμου λόγου 302, 35.

Joannes (nempe ¹Chrysostomus)

Joa6133e} Damascenus 267, 17.
275, 8. 300, 19.

Incertus Auctor, cujus nomen per
compendium scribitur Aa. forte
'Damascenus 346, 14. 356, 25.
4942 13·

Isidorus 92, 3-1. 170, 28. 224,
31. 263, ’30. 307, 13. 3955,
ἴέῑ &53174625322 ,6114Ξῇ

Maximus 217, 14 et 27. 230, 26.
309‚35. 375, 5· 455, 21· 468,

ἐκ {gv πρὸς eamcam 364, 15.

Methodius 196, 24. 204, 24.
221, 17. 477,31.

OEcumenius, 145, 27. vid. not.
196, 9. 202, 10. 239, 13.
251, 31. 260, 1. 348, 4. 357,
8. 360, 31. 363, 1. 397, 31.
407, 29. 411, 6. 420, 33.
436,·6. 513, 29.

Origenes 5, 21. 7, 15, et 23.
10, 29. 12, 3. 14, 16 et 23.
17, 1 et 32. 19, Yet 23. 20,
20. 23, 20. 24, 16. 25, 8.
26, 1 et 20. 28, 5 et 34. 29,
15 et 28. 31, 26. 32, 17 et
30. 33, 16 et 34. 34, 12. 35,

533

5. 37, 26. 38, 11. 61, 24.
65, 19. 68, 23. 69, 13. 72,
31· 74, 25· 77, 5· 83, 29-
88, 33· 90, 24· 94, 25· 99,
3. 101, 7.
125, 9.

116, 23. 117, 31.

127, 16. 143, 7.
145, 30 et 33. 151, 22. 154,
20. 155, 24. 174, 26. 179,
13. 186, 29. 202, 16. 223,
4. 283, 31. 291, 20. 455,
29.

ἐκ τῆς ἐκλογῆς 340, 15.

ἐκ τ”ἧς φιλοκαλίας 276, 14.

Photius 47, 6. 55, 16. 95, 28.
148, 19. 178, 7. 179, 24.
181, 25. 192, 24. 199, 26.
218, 21. 223, 28. 256, 22.
279, 9. 280, 3. 283,16. 310,
5. 329, 8. 402, 4. 407, 32.
421, 11. 436, 9. 438, 1.
441, 16. 466, 20. 474, 13.

Sexar‘gssnus 5, 9. 6, 20 et 28,

{31 Ἥ, ¹2¹: &2312 ’31,Ῑὲ
δ’ ο
33, 10 et 32. 53, 6. 60, 11.
64 20· 84 4· 90 35· 117,
20· 131, 25· 153, 5· 154,
31. 164, 20. 169, 3. 171, 9.
174,4. 208, 22. 219, 4. 220,
12. 231, 9. 239, 24. 247,
12. 266, 18. 285, 28. 309,
25. 357, 11. 371, 18. 411,
9. 421, 3.
Severus Antiochiae, 13 7, 28.
Theodoretus 23, 8. 66, 32. 128,
10. 164, 10. 168, 12. 171,

- 7. 174,1. 175,22. 176, 23.
179, 19. 185, 4 et 27. 189,
25. 192, 21. 193, 30. 199,
4. 202, 3. 208, 33. 210, 17.
220, 16. 227, 4. 232, 28.
236, 22. 237, 15. 239, 17.
240, 27. 242, 9. 243, 22.
244, 3. 249, 16. 253, 18.

255, 16. 259, 29. 263, 3.
264, 3. 266, 1. 267, 1. 274,

26. 279, 6. 285,11. 289, 21.
291, 6 et 12. 310, 26. 316,

34· 320‚7- 339, 9- 348,14.

